Far field
"Plane Wave Theta"[deg]	"FarField1 [dBsm]"	
-9.00000000E+1	-1.00000000E+3	
-8.95000000E+1	-8.59418098E+1	
-8.90000000E+1	-7.52607279E+1	
-8.85000000E+1	-6.83102035E+1	
-8.80000000E+1	-6.30623979E+1	
-8.75000000E+1	-5.88334441E+1	
-8.70000000E+1	-5.53162450E+1	
-8.65000000E+1	-5.23437301E+1	
-8.60000000E+1	-4.98116851E+1	
-8.55000000E+1	-4.76491685E+1	
-8.50000000E+1	-4.58055433E+1	
-8.45000000E+1	-4.42440783E+1	
-8.40000000E+1	-4.29385134E+1	
-8.35000000E+1	-4.18711874E+1	
-8.30000000E+1	-4.10321699E+1	
-8.25000000E+1	-4.04192215E+1	
-8.20000000E+1	-4.00386462E+1	
-8.15000000E+1	-3.99073569E+1	
-8.10000000E+1	-4.00568561E+1	
-8.05000000E+1	-4.05404724E+1	
-8.00000000E+1	-4.14459132E+1	
-7.95000000E+1	-4.29121985E+1	
-7.90000000E+1	-4.51029181E+1	
-7.85000000E+1	-4.76277467E+1	
-7.80000000E+1	-4.72263094E+1	
-7.75000000E+1	-4.33035368E+1	
-7.70000000E+1	-3.94552709E+1	
-7.65000000E+1	-3.63302055E+1	
-7.60000000E+1	-3.37740483E+1	
-7.55000000E+1	-3.16333945E+1	
-7.50000000E+1	-2.98072938E+1	
-7.45000000E+1	-2.82308048E+1	
-7.40000000E+1	-2.68612593E+1	
-7.35000000E+1	-2.56700831E+1	
-7.30000000E+1	-2.46380768E+1	
-7.25000000E+1	-2.37526721E+1	
-7.20000000E+1	-2.30063417E+1	
-7.15000000E+1	-2.23957344E+1	
-7.10000000E+1	-2.19213238E+1	
-7.05000000E+1	-2.15874897E+1	
-7.00000000E+1	-2.14030631E+1	
-6.95000000E+1	-2.13824797E+1	
-6.90000000E+1	-2.15478814E+1	
-6.85000000E+1	-2.19328763E+1	
-6.80000000E+1	-2.25894785E+1	
-6.75000000E+1	-2.36017131E+1	
-6.70000000E+1	-2.51144913E+1	
-6.65000000E+1	-2.73995480E+1	
-6.60000000E+1	-3.09803504E+1	
-6.55000000E+1	-3.55809823E+1	
-6.50000000E+1	-3.25667215E+1	
-6.45000000E+1	-2.71162345E+1	
-6.40000000E+1	-2.32380549E+1	
-6.35000000E+1	-2.03546570E+1	
-6.30000000E+1	-1.80885674E+1	
-6.25000000E+1	-1.62463966E+1	
-6.20000000E+1	-1.47213302E+1	
-6.15000000E+1	-1.34501461E+1	
-6.10000000E+1	-1.23938258E+1	
-6.05000000E+1	-1.15280996E+1	
-6.00000000E+1	-1.08385640E+1	
-5.95000000E+1	-1.03181346E+1	
-5.90000000E+1	-9.96585743E+0	
-5.85000000E+1	-9.78667634E+0	
-5.80000000E+1	-9.79208738E+0	
-5.75000000E+1	-1.00019063E+1	
-5.70000000E+1	-1.04478193E+1	
-5.65000000E+1	-1.11803133E+1	
-5.60000000E+1	-1.22829493E+1	
-5.55000000E+1	-1.39050914E+1	
-5.50000000E+1	-1.63510052E+1	
-5.45000000E+1	-2.04026289E+1	
-5.40000000E+1	-2.93712716E+1	
-5.35000000E+1	-2.77931589E+1	
-5.30000000E+1	-1.90689145E+1	
-5.25000000E+1	-1.46674400E+1	
-5.20000000E+1	-1.17745905E+1	
-5.15000000E+1	-9.68693271E+0	
-5.10000000E+1	-8.12762341E+0	
-5.05000000E+1	-6.96343199E+0	
-5.00000000E+1	-6.12450220E+0	
-4.95000000E+1	-5.57498043E+0	
-4.90000000E+1	-5.30105422E+0	
-4.85000000E+1	-5.30673724E+0	
-4.80000000E+1	-5.61461950E+0	
-4.75000000E+1	-6.27204561E+0	
-4.70000000E+1	-7.36699839E+0	
-4.65000000E+1	-9.06785690E+0	
-4.60000000E+1	-1.17398747E+1	
-4.55000000E+1	-1.64219434E+1	
-4.50000000E+1	-2.95670301E+1	
-4.45000000E+1	-2.02392876E+1	
-4.40000000E+1	-1.28740963E+1	
-4.35000000E+1	-8.98993731E+0	
-4.30000000E+1	-6.45195304E+0	
-4.25000000E+1	-4.68471093E+0	
-4.20000000E+1	-3.45567900E+0	
-4.15000000E+1	-2.65595536E+0	
-4.10000000E+1	-2.23609036E+0	
-4.05000000E+1	-2.18398845E+0	
-4.00000000E+1	-2.51981968E+0	
-3.95000000E+1	-3.30326145E+0	
-3.90000000E+1	-4.65981380E+0	
-3.85000000E+1	-6.85772824E+0	
-3.80000000E+1	-1.05852080E+1	
-3.75000000E+1	-1.87467136E+1	
-3.70000000E+1	-2.19104471E+1	
-3.65000000E+1	-1.10454934E+1	
-3.60000000E+1	-6.43153253E+0	
-3.55000000E+1	-3.61765412E+0	
-3.50000000E+1	-1.75030188E+0	
-3.45000000E+1	-5.22411800E-1	
-3.40000000E+1	1.98850163E-1	
-3.35000000E+1	4.66291215E-1	
-3.30000000E+1	2.80845286E-1	
-3.25000000E+1	-4.07411851E-1	
-3.20000000E+1	-1.72417210E+0	
-3.15000000E+1	-3.95510709E+0	
-3.10000000E+1	-7.86778382E+0	
-3.05000000E+1	-1.70611740E+1	
-3.00000000E+1	-1.67530848E+1	
-2.95000000E+1	-7.20188786E+0	
-2.90000000E+1	-2.88764348E+0	
-2.85000000E+1	-2.60727975E-1	
-2.80000000E+1	1.43477987E+0	
-2.75000000E+1	2.47435297E+0	
-2.70000000E+1	2.97056730E+0	
-2.65000000E+1	2.95354603E+0	
-2.60000000E+1	2.38860056E+0	
-2.55000000E+1	1.15709568E+0	
-2.50000000E+1	-1.02779535E+0	
-2.45000000E+1	-4.95681114E+0	
-2.40000000E+1	-1.44811637E+1	
-2.35000000E+1	-1.31334501E+1	
-2.30000000E+1	-3.90237164E+0	
-2.25000000E+1	3.24526081E-1	
-2.20000000E+1	2.88120745E+0	
-2.15000000E+1	4.49528839E+0	
-2.10000000E+1	5.42948892E+0	
-2.05000000E+1	5.78352714E+0	
-2.00000000E+1	5.56772136E+0	
-1.95000000E+1	4.70983291E+0	
-1.90000000E+1	3.00634216E+0	
-1.85000000E+1	-7.54527730E-2	
-1.80000000E+1	-6.49000924E+0	
-1.75000000E+1	-1.90913206E+1	
-1.70000000E+1	-2.76532330E+0	
-1.65000000E+1	2.51193776E+0	
-1.60000000E+1	5.53998654E+0	
-1.55000000E+1	7.44226412E+0	
-1.50000000E+1	8.58095681E+0	
-1.45000000E+1	9.09214705E+0	
-1.40000000E+1	9.00144279E+0	
-1.35000000E+1	8.24141870E+0	
-1.30000000E+1	6.60287400E+0	
-1.25000000E+1	3.51993569E+0	
-1.20000000E+1	-3.18447344E+0	
-1.15000000E+1	-1.24028755E+1	
-1.10000000E+1	1.90278802E+0	
-1.05000000E+1	7.07495084E+0	
-1.00000000E+1	1.01249313E+1	
-9.50000000E+0	1.20848334E+1	
-9.00000000E+0	1.32937815E+1	
-8.50000000E+0	1.38757834E+1	
-8.00000000E+0	1.38429051E+1	
-7.50000000E+0	1.31019520E+1	
-7.00000000E+0	1.13772983E+1	
-6.50000000E+0	7.86285289E+0	
-6.00000000E+0	-1.57674148E+0	
-5.50000000E+0	1.39534379E+0	
-5.00000000E+0	1.08699147E+1	
-4.50000000E+0	1.56401110E+1	
-4.00000000E+0	1.88469326E+1	
-3.50000000E+0	2.12155305E+1	
-3.00000000E+0	2.30331398E+1	
-2.50000000E+0	2.44427502E+1	
-2.00000000E+0	2.55250824E+1	
-1.50000000E+0	2.63290541E+1	
-1.00000000E+0	2.68851851E+1	
-5.00000000E-1	2.72121368E+1	
0.00000000E+0	2.73200469E+1	
5.00000000E-1	2.72121347E+1	
1.00000000E+0	2.68851808E+1	
1.50000000E+0	2.63290477E+1	
2.00000000E+0	2.55250738E+1	
2.50000000E+0	2.44427393E+1	
3.00000000E+0	2.30331264E+1	
3.50000000E+0	2.12155144E+1	
4.00000000E+0	1.88469135E+1	
4.50000000E+0	1.56400882E+1	
5.00000000E+0	1.08698862E+1	
5.50000000E+0	1.39529832E+0	
6.00000000E+0	-1.57673728E+0	
6.50000000E+0	7.86283350E+0	
7.00000000E+0	1.13772721E+1	
7.50000000E+0	1.31019209E+1	
8.00000000E+0	1.38428694E+1	
8.50000000E+0	1.38757431E+1	
9.00000000E+0	1.32937358E+1	
9.50000000E+0	1.20847815E+1	
1.00000000E+1	1.01248712E+1	
1.05000000E+1	7.07487811E+0	
1.10000000E+1	1.90268795E+0	
1.15000000E+1	-1.24031866E+1	
1.20000000E+1	-3.18443703E+0	
1.25000000E+1	3.51991577E+0	
1.30000000E+1	6.60283544E+0	
1.35000000E+1	8.24136870E+0	
1.40000000E+1	9.00138366E+0	
1.45000000E+1	9.09207956E+0	
1.50000000E+1	8.58088088E+0	
1.55000000E+1	7.44217894E+0	
1.60000000E+1	5.53989013E+0	
1.65000000E+1	2.51182511E+0	
1.70000000E+1	-2.76547062E+0	
1.75000000E+1	-1.90919316E+1	
1.80000000E+1	-6.49003533E+0	
1.85000000E+1	-7.55246665E-2	
1.90000000E+1	3.00625073E+0	
1.95000000E+1	4.70972764E+0	
2.00000000E+1	5.56760397E+0	
2.05000000E+1	5.78339785E+0	
2.10000000E+1	5.42934698E+0	
2.15000000E+1	4.49513198E+0	
2.20000000E+1	2.88103274E+0	
2.25000000E+1	3.24324405E-1	
2.30000000E+1	-3.90262691E+0	
2.35000000E+1	-1.31339570E+1	
2.40000000E+1	-1.44810363E+1	
2.45000000E+1	-4.95687227E+0	
2.50000000E+1	-1.02790557E+0	
2.55000000E+1	1.15695917E+0	
2.60000000E+1	2.38844542E+0	
2.65000000E+1	2.95337561E+0	
2.70000000E+1	2.97038319E+0	
2.75000000E+1	2.47415574E+0	
2.80000000E+1	1.43456926E+0	
2.85000000E+1	-2.60953572E-1	
2.90000000E+1	-2.88788915E+0	
2.95000000E+1	-7.20217447E+0	
3.00000000E+1	-1.67536825E+1	
3.05000000E+1	-1.70615920E+1	
3.10000000E+1	-7.86802924E+0	
3.15000000E+1	-3.95535238E+0	
3.20000000E+1	-1.72442300E+0	
3.25000000E+1	-4.07667788E-1	
3.30000000E+1	2.80586056E-1	
3.35000000E+1	4.66031186E-1	
3.40000000E+1	1.98592846E-1	
3.45000000E+1	-5.22661216E-1	
3.50000000E+1	-1.75053519E+0	
3.55000000E+1	-3.61785713E+0	
3.60000000E+1	-6.43167758E+0	
3.65000000E+1	-1.10455199E+1	
3.70000000E+1	-2.19108002E+1	
3.75000000E+1	-1.87492527E+1	
3.80000000E+1	-1.05862487E+1	
3.85000000E+1	-6.85851708E+0	
3.90000000E+1	-4.66050235E+0	
3.95000000E+1	-3.30389483E+0	
4.00000000E+1	-2.52041522E+0	
4.05000000E+1	-2.18455231E+0	
4.10000000E+1	-2.23662237E+0	
4.15000000E+1	-2.65645018E+0	
4.20000000E+1	-3.45612537E+0	
4.25000000E+1	-4.68508863E+0	
4.30000000E+1	-6.45222581E+0	
4.35000000E+1	-8.99003484E+0	
4.40000000E+1	-1.28738639E+1	
4.45000000E+1	-2.02385057E+1	
4.50000000E+1	-2.95899756E+1	
4.55000000E+1	-1.64255021E+1	
4.60000000E+1	-1.17421409E+1	
4.65000000E+1	-9.06969100E+0	
4.70000000E+1	-7.36861943E+0	
4.75000000E+1	-6.27353875E+0	
4.80000000E+1	-5.61602417E+0	
4.85000000E+1	-5.30807210E+0	
4.90000000E+1	-5.30232597E+0	
4.95000000E+1	-5.57618687E+0	
5.00000000E+1	-6.12563246E+0	
5.05000000E+1	-6.96446441E+0	
5.10000000E+1	-8.12852040E+0	
5.15000000E+1	-9.68762965E+0	
5.20000000E+1	-1.17749715E+1	
5.25000000E+1	-1.46672802E+1	
5.30000000E+1	-1.90677563E+1	
5.35000000E+1	-2.77927845E+1	
5.40000000E+1	-2.94010517E+1	
5.45000000E+1	-2.04121980E+1	
5.50000000E+1	-1.63576213E+1	
5.55000000E+1	-1.39106723E+1	
5.60000000E+1	-1.22880726E+1	
5.65000000E+1	-1.11852362E+1	
5.70000000E+1	-1.04526867E+1	
5.75000000E+1	-1.00068165E+1	
5.80000000E+1	-9.79711775E+0	
5.85000000E+1	-9.79189652E+0	
5.90000000E+1	-9.97133702E+0	
5.95000000E+1	-1.03239491E+1	
6.00000000E+1	-1.08448004E+1	
6.05000000E+1	-1.15348628E+1	
6.10000000E+1	-1.24012466E+1	
6.15000000E+1	-1.34583921E+1	
6.20000000E+1	-1.47306202E+1	
6.25000000E+1	-1.62570187E+1	
6.30000000E+1	-1.81008900E+1	
6.35000000E+1	-2.03690756E+1	
6.40000000E+1	-2.32545245E+1	
6.45000000E+1	-2.71307692E+1	
6.50000000E+1	-3.25378987E+1	
6.55000000E+1	-3.53893772E+1	
6.60000000E+1	-3.08736498E+1	
6.65000000E+1	-2.73383838E+1	
6.70000000E+1	-2.50717944E+1	
6.75000000E+1	-2.35682145E+1	
6.80000000E+1	-2.25611980E+1	
6.85000000E+1	-2.19077675E+1	
6.90000000E+1	-2.15247410E+1	
6.95000000E+1	-2.13605191E+1	
7.00000000E+1	-2.13817135E+1	
7.05000000E+1	-2.15663018E+1	
7.10000000E+1	-2.18999105E+1	
7.15000000E+1	-2.23737334E+1	
7.20000000E+1	-2.29833876E+1	
7.25000000E+1	-2.37283726E+1	
7.30000000E+1	-2.46119876E+1	
7.35000000E+1	-2.56416803E+1	
7.40000000E+1	-2.68299062E+1	
7.45000000E+1	-2.81957121E+1	
7.50000000E+1	-2.97674819E+1	
7.55000000E+1	-3.15876920E+1	
7.60000000E+1	-3.37212856E+1	
7.65000000E+1	-3.62702872E+1	
7.70000000E+1	-3.93945332E+1	
7.75000000E+1	-4.32835504E+1	
7.80000000E+1	-4.74409576E+1	
7.85000000E+1	-4.81059513E+1	
7.90000000E+1	-4.54635459E+1	
7.95000000E+1	-4.31669648E+1	
8.00000000E+1	-4.16430912E+1	
8.05000000E+1	-4.07053277E+1	
8.10000000E+1	-4.02027745E+1	
8.15000000E+1	-4.00422495E+1	
8.20000000E+1	-4.01677837E+1	
8.25000000E+1	-4.05465830E+1	
8.30000000E+1	-4.11611756E+1	
8.35000000E+1	-4.20051775E+1	
8.40000000E+1	-4.30811464E+1	
8.45000000E+1	-4.43997582E+1	
8.50000000E+1	-4.59799779E+1	
8.55000000E+1	-4.78501953E+1	
8.60000000E+1	-5.00505862E+1	
8.65000000E+1	-5.26374327E+1	
8.70000000E+1	-5.56911542E+1	
8.75000000E+1	-5.93324032E+1	
8.80000000E+1	-6.37580626E+1	
8.85000000E+1	-6.93331977E+1	
8.90000000E+1	-7.68657616E+1	
8.95000000E+1	-8.85608245E+1	
9.00000000E+1	-1.00000000E+3	
