Far field
"Plane Wave Theta"[deg]	"FarField1 [dBsm]"	
-9.00000000E+1	-1.68170426E+1	
-8.95000000E+1	-1.36930076E+1	
-8.90000000E+1	-1.38391120E+1	
-8.85000000E+1	-1.39787517E+1	
-8.80000000E+1	-1.41119893E+1	
-8.75000000E+1	-1.42391000E+1	
-8.70000000E+1	-1.43605375E+1	
-8.65000000E+1	-1.44768995E+1	
-8.60000000E+1	-1.45888937E+1	
-8.55000000E+1	-1.46973047E+1	
-8.50000000E+1	-1.48029616E+1	
-8.45000000E+1	-1.49067054E+1	
-8.40000000E+1	-1.50093563E+1	
-8.35000000E+1	-1.51116796E+1	
-8.30000000E+1	-1.52143495E+1	
-8.25000000E+1	-1.53179100E+1	
-8.20000000E+1	-1.54227315E+1	
-8.15000000E+1	-1.55289643E+1	
-8.10000000E+1	-1.56364877E+1	
-8.05000000E+1	-1.57448580E+1	
-8.00000000E+1	-1.58532565E+1	
-7.95000000E+1	-1.59604445E+1	
-7.90000000E+1	-1.60647324E+1	
-7.85000000E+1	-1.61639729E+1	
-7.80000000E+1	-1.62555933E+1	
-7.75000000E+1	-1.63366807E+1	
-7.70000000E+1	-1.64041315E+1	
-7.65000000E+1	-1.64548745E+1	
-7.60000000E+1	-1.64861597E+1	
-7.55000000E+1	-1.64958920E+1	
-7.50000000E+1	-1.64829710E+1	
-7.45000000E+1	-1.64475855E+1	
-7.40000000E+1	-1.63914108E+1	
-7.35000000E+1	-1.63176721E+1	
-7.30000000E+1	-1.62310618E+1	
-7.25000000E+1	-1.61375301E+1	
-7.20000000E+1	-1.60439899E+1	
-7.15000000E+1	-1.59579844E+1	
-7.10000000E+1	-1.58873628E+1	
-7.05000000E+1	-1.58399859E+1	
-7.00000000E+1	-1.58234643E+1	
-6.95000000E+1	-1.58449036E+1	
-6.90000000E+1	-1.59106037E+1	
-6.85000000E+1	-1.60256288E+1	
-6.80000000E+1	-1.61931160E+1	
-6.75000000E+1	-1.64131398E+1	
-6.70000000E+1	-1.66808839E+1	
-6.65000000E+1	-1.69838787E+1	
-6.60000000E+1	-1.72983169E+1	
-6.55000000E+1	-1.75853613E+1	
-6.50000000E+1	-1.77903284E+1	
-6.45000000E+1	-1.78498686E+1	
-6.40000000E+1	-1.77106824E+1	
-6.35000000E+1	-1.73532701E+1	
-6.30000000E+1	-1.68032908E+1	
-6.25000000E+1	-1.61201678E+1	
-6.20000000E+1	-1.53734626E+1	
-6.15000000E+1	-1.46244082E+1	
-6.10000000E+1	-1.39190012E+1	
-6.05000000E+1	-1.32890745E+1	
-6.00000000E+1	-1.27562540E+1	
-5.95000000E+1	-1.23359500E+1	
-5.90000000E+1	-1.20404986E+1	
-5.85000000E+1	-1.18814655E+1	
-5.80000000E+1	-1.18713726E+1	
-5.75000000E+1	-1.20250917E+1	
-5.70000000E+1	-1.23610064E+1	
-5.65000000E+1	-1.29016929E+1	
-5.60000000E+1	-1.36728587E+1	
-5.55000000E+1	-1.46959891E+1	
-5.50000000E+1	-1.59596681E+1	
-5.45000000E+1	-1.73277385E+1	
-5.40000000E+1	-1.83433646E+1	
-5.35000000E+1	-1.82637819E+1	
-5.30000000E+1	-1.69613533E+1	
-5.25000000E+1	-1.51397914E+1	
-5.20000000E+1	-1.33635620E+1	
-5.15000000E+1	-1.18332385E+1	
-5.10000000E+1	-1.05862410E+1	
-5.05000000E+1	-9.61433982E+0	
-5.00000000E+1	-8.90314422E+0	
-4.95000000E+1	-8.44356070E+0	
-4.90000000E+1	-8.23522102E+0	
-4.85000000E+1	-8.28834695E+0	
-4.80000000E+1	-8.62638799E+0	
-4.75000000E+1	-9.29085490E+0	
-4.70000000E+1	-1.03498841E+1	
-4.65000000E+1	-1.19110094E+1	
-4.60000000E+1	-1.41214011E+1	
-4.55000000E+1	-1.69748142E+1	
-4.50000000E+1	-1.88867044E+1	
-4.45000000E+1	-1.68825002E+1	
-4.40000000E+1	-1.35587900E+1	
-4.35000000E+1	-1.08400241E+1	
-4.30000000E+1	-8.80484887E+0	
-4.25000000E+1	-7.31335704E+0	
-4.20000000E+1	-6.26270712E+0	
-4.15000000E+1	-5.59387682E+0	
-4.10000000E+1	-5.28053788E+0	
-4.05000000E+1	-5.32319090E+0	
-4.00000000E+1	-5.75002393E+0	
-3.95000000E+1	-6.62626181E+0	
-3.90000000E+1	-8.07888456E+0	
-3.85000000E+1	-1.03559540E+1	
-3.80000000E+1	-1.39454806E+1	
-3.75000000E+1	-1.88505415E+1	
-3.70000000E+1	-1.69991340E+1	
-3.65000000E+1	-1.18569775E+1	
-3.60000000E+1	-8.36445395E+0	
-3.55000000E+1	-6.00401756E+0	
-3.50000000E+1	-4.38927319E+0	
-3.45000000E+1	-3.33237893E+0	
-3.40000000E+1	-2.74456166E+0	
-3.35000000E+1	-2.59435394E+0	
-3.30000000E+1	-2.89463655E+0	
-3.25000000E+1	-3.70821933E+0	
-3.20000000E+1	-5.17820102E+0	
-3.15000000E+1	-7.61989078E+0	
-3.10000000E+1	-1.18262213E+1	
-3.05000000E+1	-1.92824443E+1	
-3.00000000E+1	-1.47871758E+1	
-2.95000000E+1	-8.62583002E+0	
-2.90000000E+1	-5.04509034E+0	
-2.85000000E+1	-2.74423698E+0	
-2.80000000E+1	-1.24483930E+0	
-2.75000000E+1	-3.47196941E-1	
-2.70000000E+1	3.07626771E-2	
-2.65000000E+1	-9.79939383E-2	
-2.60000000E+1	-7.82843366E-1	
-2.55000000E+1	-2.16278959E+0	
-2.50000000E+1	-4.56739259E+0	
-2.45000000E+1	-8.91368321E+0	
-2.40000000E+1	-1.88224925E+1	
-2.35000000E+1	-1.26924900E+1	
-2.30000000E+1	-5.72319890E+0	
-2.25000000E+1	-2.00579593E+0	
-2.20000000E+1	3.13892654E-1	
-2.15000000E+1	1.78006066E+0	
-2.10000000E+1	2.60350239E+0	
-2.05000000E+1	2.86175185E+0	
-2.00000000E+1	2.55096486E+0	
-1.95000000E+1	1.58374110E+0	
-1.90000000E+1	-2.70963074E-1	
-1.85000000E+1	-3.62482273E+0	
-1.80000000E+1	-1.08432498E+1	
-1.75000000E+1	-1.59098901E+1	
-1.70000000E+1	-4.60918315E+0	
-1.65000000E+1	1.48508868E-1	
-1.60000000E+1	2.96886170E+0	
-1.55000000E+1	4.75135425E+0	
-1.50000000E+1	5.80562690E+0	
-1.45000000E+1	6.24775030E+0	
-1.40000000E+1	6.09202061E+0	
-1.35000000E+1	5.26030245E+0	
-1.30000000E+1	3.52504463E+0	
-1.25000000E+1	2.66523901E-1	
-1.20000000E+1	-7.02280262E+0	
-1.15000000E+1	-1.24555576E+1	
-1.10000000E+1	-3.77787203E-1	
-1.05000000E+1	4.52069488E+0	
-1.00000000E+1	7.45843633E+0	
-9.50000000E+0	9.35409001E+0	
-9.00000000E+0	1.05191198E+1	
-8.50000000E+0	1.10669301E+1	
-8.00000000E+0	1.10037741E+1	
-7.50000000E+0	1.02312582E+1	
-7.00000000E+0	8.46487322E+0	
-6.50000000E+0	4.86920401E+0	
-6.00000000E+0	-4.98065931E+0	
-5.50000000E+0	-9.87426145E-1	
-5.00000000E+0	8.19790849E+0	
-4.50000000E+0	1.29023453E+1	
-4.00000000E+0	1.60796261E+1	
-3.50000000E+0	1.84315254E+1	
-3.00000000E+0	2.02385887E+1	
-2.50000000E+0	2.16410930E+1	
-2.00000000E+0	2.27183855E+1	
-1.50000000E+0	2.35185515E+1	
-1.00000000E+0	2.40715143E+1	
-5.00000000E-1	2.43954322E+1	
0.00000000E+0	2.44517548E+1	
5.00000000E-1	2.43951919E+1	
1.00000000E+0	2.40712893E+1	
1.50000000E+0	2.35183442E+1	
2.00000000E+0	2.27181948E+1	
2.50000000E+0	2.16409141E+1	
3.00000000E+0	2.02384128E+1	
3.50000000E+0	1.84313385E+1	
4.00000000E+0	1.60794044E+1	
4.50000000E+0	1.29020427E+1	
5.00000000E+0	8.19740311E+0	
5.50000000E+0	-9.88865006E-1	
6.00000000E+0	-4.97896989E+0	
6.50000000E+0	4.86967055E+0	
7.00000000E+0	8.46505754E+0	
7.50000000E+0	1.02312658E+1	
8.00000000E+0	1.10036177E+1	
8.50000000E+0	1.10665892E+1	
9.00000000E+0	1.05185483E+1	
9.50000000E+0	9.35320530E+0	
1.00000000E+1	7.45708449E+0	
1.05000000E+1	4.51853401E+0	
1.10000000E+1	-3.81841297E-1	
1.15000000E+1	-1.24717512E+1	
1.20000000E+1	-7.01495235E+0	
1.25000000E+1	2.69429940E-1	
1.30000000E+1	3.52651157E+0	
1.35000000E+1	5.26095145E+0	
1.40000000E+1	6.09203387E+0	
1.45000000E+1	6.24716208E+0	
1.50000000E+1	5.80438343E+0	
1.55000000E+1	4.74930684E+0	
1.60000000E+1	2.96569592E+0	
1.65000000E+1	1.43497484E-1	
1.70000000E+1	-4.61831875E+0	
1.75000000E+1	-1.59384639E+1	
1.80000000E+1	-1.08253377E+1	
1.85000000E+1	-3.61808585E+0	
1.90000000E+1	-2.67465823E-1	
1.95000000E+1	1.58549224E+0	
2.00000000E+1	2.55145307E+0	
2.05000000E+1	2.86113676E+0	
2.10000000E+1	2.60177765E+0	
2.15000000E+1	1.77707685E+0	
2.20000000E+1	3.09293590E-1	
2.25000000E+1	-2.01281082E+0	
2.30000000E+1	-5.73480012E+0	
2.35000000E+1	-1.27179829E+1	
2.40000000E+1	-1.87976603E+1	
2.45000000E+1	-8.90164021E+0	
2.50000000E+1	-4.56167305E+0	
2.55000000E+1	-2.16019418E+0	
2.60000000E+1	-7.82368079E-1	
2.65000000E+1	-9.92747932E-2	
2.70000000E+1	2.78070984E-2	
2.75000000E+1	-3.51936207E-1	
2.80000000E+1	-1.25167395E+0	
2.85000000E+1	-2.75379421E+0	
2.90000000E+1	-5.05863609E+0	
2.95000000E+1	-8.64618803E+0	
3.00000000E+1	-1.48187557E+1	
3.05000000E+1	-1.92288026E+1	
3.10000000E+1	-1.17969376E+1	
3.15000000E+1	-7.60488927E+0	
3.20000000E+1	-5.16981116E+0	
3.25000000E+1	-3.70392837E+0	
3.30000000E+1	-2.89343959E+0	
3.35000000E+1	-2.59585890E+0	
3.40000000E+1	-2.74872197E+0	
3.45000000E+1	-3.33943482E+0	
3.50000000E+1	-4.39982091E+0	
3.55000000E+1	-6.01925865E+0	
3.60000000E+1	-8.38687455E+0	
3.65000000E+1	-1.18921904E+1	
3.70000000E+1	-1.70543414E+1	
3.75000000E+1	-1.88427107E+1	
3.80000000E+1	-1.39181052E+1	
3.85000000E+1	-1.03367295E+1	
3.90000000E+1	-8.06583888E+0	
3.95000000E+1	-6.61759210E+0	
4.00000000E+1	-5.74472713E+0	
4.05000000E+1	-5.32072168E+0	
4.10000000E+1	-5.28061728E+0	
4.15000000E+1	-5.59640205E+0	
4.20000000E+1	-6.26771363E+0	
4.25000000E+1	-7.32100885E+0	
4.30000000E+1	-8.81543456E+0	
4.35000000E+1	-1.08538698E+1	
4.40000000E+1	-1.35755343E+1	
4.45000000E+1	-1.68963284E+1	
4.50000000E+1	-1.88776519E+1	
4.55000000E+1	-1.69562985E+1	
4.60000000E+1	-1.41106290E+1	
4.65000000E+1	-1.19075615E+1	
4.70000000E+1	-1.03521262E+1	
4.75000000E+1	-9.29789048E+0	
4.80000000E+1	-8.63786015E+0	
4.85000000E+1	-8.30425187E+0	
4.90000000E+1	-8.25582294E+0	
4.95000000E+1	-8.46936979E+0	
5.00000000E+1	-8.93493258E+0	
5.05000000E+1	-9.65317748E+0	
5.10000000E+1	-1.06335143E+1	
5.15000000E+1	-1.18905207E+1	
5.20000000E+1	-1.34318668E+1	
5.25000000E+1	-1.52166541E+1	
5.30000000E+1	-1.70323019E+1	
5.35000000E+1	-1.82932632E+1	
5.40000000E+1	-1.83066157E+1	
5.45000000E+1	-1.72493385E+1	
5.50000000E+1	-1.58704132E+1	
5.55000000E+1	-1.46091424E+1	
5.60000000E+1	-1.35918421E+1	
5.65000000E+1	-1.28265728E+1	
5.70000000E+1	-1.22909309E+1	
5.75000000E+1	-1.19590543E+1	
5.80000000E+1	-1.18084249E+1	
5.85000000E+1	-1.18207609E+1	
5.90000000E+1	-1.19812883E+1	
5.95000000E+1	-1.22775757E+1	
6.00000000E+1	-1.26981535E+1	
6.05000000E+1	-1.32308155E+1	
6.10000000E+1	-1.38603622E+1	
6.15000000E+1	-1.45655287E+1	
6.20000000E+1	-1.53150791E+1	
6.25000000E+1	-1.60639059E+1	
6.30000000E+1	-1.67518569E+1	
6.35000000E+1	-1.73102205E+1	
6.40000000E+1	-1.76795078E+1	
6.45000000E+1	-1.78327131E+1	
6.50000000E+1	-1.77872716E+1	
6.55000000E+1	-1.75947849E+1	
6.60000000E+1	-1.73178653E+1	
6.65000000E+1	-1.70112612E+1	
6.70000000E+1	-1.67142484E+1	
6.75000000E+1	-1.64511285E+1	
6.80000000E+1	-1.62347811E+1	
6.85000000E+1	-1.60703170E+1	
6.90000000E+1	-1.59578524E+1	
6.95000000E+1	-1.58943596E+1	
7.00000000E+1	-1.58748229E+1	
7.05000000E+1	-1.58929452E+1	
7.10000000E+1	-1.59415901E+1	
7.15000000E+1	-1.60130932E+1	
7.20000000E+1	-1.60995265E+1	
7.25000000E+1	-1.61929715E+1	
7.30000000E+1	-1.62858246E+1	
7.35000000E+1	-1.63711343E+1	
7.40000000E+1	-1.64429435E+1	
7.45000000E+1	-1.64965911E+1	
7.50000000E+1	-1.65289225E+1	
7.55000000E+1	-1.65383662E+1	
7.60000000E+1	-1.65248599E+1	
7.65000000E+1	-1.64896394E+1	
7.70000000E+1	-1.64349301E+1	
7.75000000E+1	-1.63635965E+1	
7.80000000E+1	-1.62788021E+1	
7.85000000E+1	-1.61837173E+1	
7.90000000E+1	-1.60812981E+1	
7.95000000E+1	-1.59741396E+1	
8.00000000E+1	-1.58643946E+1	
8.05000000E+1	-1.57537466E+1	
8.10000000E+1	-1.56434196E+1	
8.15000000E+1	-1.55342127E+1	
8.20000000E+1	-1.54265477E+1	
8.25000000E+1	-1.53205224E+1	
8.30000000E+1	-1.52159641E+1	
8.35000000E+1	-1.51124809E+1	
8.40000000E+1	-1.50095092E+1	
8.45000000E+1	-1.49063562E+1	
8.50000000E+1	-1.48022401E+1	
8.55000000E+1	-1.46963252E+1	
8.60000000E+1	-1.45877566E+1	
8.65000000E+1	-1.44756924E+1	
8.70000000E+1	-1.43593362E+1	
8.75000000E+1	-1.42379689E+1	
8.80000000E+1	-1.41109826E+1	
8.85000000E+1	-1.39779136E+1	
8.90000000E+1	-1.38384772E+1	
8.95000000E+1	-1.36926020E+1	
9.00000000E+1	-1.68165471E+1	
