Far field
"Theta"[deg]	"FarField1 [dBsm]"	
-9.00000000E+1	-1.11045708E+2	
-8.95000000E+1	-8.92988878E+1	
-8.90000000E+1	-7.10478574E+1	
-8.85000000E+1	-6.04429925E+1	
-8.80000000E+1	-5.29323873E+1	
-8.75000000E+1	-4.71108508E+1	
-8.70000000E+1	-4.23561834E+1	
-8.65000000E+1	-3.83374902E+1	
-8.60000000E+1	-3.48576886E+1	
-8.55000000E+1	-3.17899261E+1	
-8.50000000E+1	-2.90478033E+1	
-8.45000000E+1	-2.65698891E+1	
-8.40000000E+1	-2.43110108E+1	
-8.35000000E+1	-2.22370471E+1	
-8.30000000E+1	-2.03216584E+1	
-8.25000000E+1	-1.85441492E+1	
-8.20000000E+1	-1.68880229E+1	
-8.15000000E+1	-1.53399768E+1	
-8.10000000E+1	-1.38891857E+1	
-8.05000000E+1	-1.25267810E+1	
-8.00000000E+1	-1.12454645E+1	
-7.95000000E+1	-1.00392192E+1	
-7.90000000E+1	-8.90308860E+0	
-7.85000000E+1	-7.83300754E+0	
-7.80000000E+1	-6.82567241E+0	
-7.75000000E+1	-5.87844063E+0	
-7.70000000E+1	-4.98925395E+0	
-7.65000000E+1	-4.15658099E+0	
-7.60000000E+1	-3.37937578E+0	
-7.55000000E+1	-2.65705059E+0	
-7.50000000E+1	-1.98946173E+0	
-7.45000000E+1	-1.37690821E+0	
-7.40000000E+1	-8.20143718E-1	
-7.35000000E+1	-3.20403472E-1	
-7.30000000E+1	1.20551470E-1	
-7.25000000E+1	5.00368259E-1	
-7.20000000E+1	8.16008273E-1	
-7.15000000E+1	1.06361547E+0	
-7.10000000E+1	1.23833241E+0	
-7.05000000E+1	1.33404127E+0	
-7.00000000E+1	1.34299379E+0	
-6.95000000E+1	1.25527156E+0	
-6.90000000E+1	1.05797714E+0	
-6.85000000E+1	7.33980200E-1	
-6.80000000E+1	2.59891763E-1	
-6.75000000E+1	-3.97382717E-1	
-6.70000000E+1	-1.28690337E+0	
-6.65000000E+1	-2.48607127E+0	
-6.60000000E+1	-4.12807381E+0	
-6.55000000E+1	-6.47376225E+0	
-6.50000000E+1	-1.01579133E+1	
-6.45000000E+1	-1.76617491E+1	
-6.40000000E+1	-2.40825353E+1	
-6.35000000E+1	-1.14608213E+1	
-6.30000000E+1	-6.36565723E+0	
-6.25000000E+1	-3.11295825E+0	
-6.20000000E+1	-7.42047404E-1	
-6.15000000E+1	1.09238435E+0	
-6.10000000E+1	2.55251145E+0	
-6.05000000E+1	3.72585757E+0	
-6.00000000E+1	4.66329826E+0	
-5.95000000E+1	5.39511725E+0	
-5.90000000E+1	5.93857913E+0	
-5.85000000E+1	6.30164161E+0	
-5.80000000E+1	6.48459797E+0	
-5.75000000E+1	6.48032971E+0	
-5.70000000E+1	6.27327105E+0	
-5.65000000E+1	5.83668069E+0	
-5.60000000E+1	5.12701131E+0	
-5.55000000E+1	4.07231062E+0	
-5.50000000E+1	2.54626305E+0	
-5.45000000E+1	3.00597496E-1	
-5.40000000E+1	-3.26237470E+0	
-5.35000000E+1	-1.03855826E+1	
-5.30000000E+1	-1.92286170E+1	
-5.25000000E+1	-5.38242345E+0	
-5.20000000E+1	-2.45579351E-1	
-5.15000000E+1	2.91106321E+0	
-5.10000000E+1	5.11565425E+0	
-5.05000000E+1	6.72691603E+0	
-5.00000000E+1	7.90817622E+0	
-4.95000000E+1	8.74277142E+0	
-4.90000000E+1	9.27327432E+0	
-4.85000000E+1	9.51692073E+0	
-4.80000000E+1	9.47116900E+0	
-4.75000000E+1	9.11336691E+0	
-4.70000000E+1	8.39432038E+0	
-4.65000000E+1	7.22111138E+0	
-4.60000000E+1	5.41311667E+0	
-4.55000000E+1	2.56920183E+0	
-4.50000000E+1	-2.51017483E+0	
-4.45000000E+1	-2.01451712E+1	
-4.40000000E+1	-4.65609171E+0	
-4.35000000E+1	2.11166010E+0	
-4.30000000E+1	5.77333186E+0	
-4.25000000E+1	8.16986077E+0	
-4.20000000E+1	9.82318624E+0	
-4.15000000E+1	1.09478163E+1	
-4.10000000E+1	1.16437499E+1	
-4.05000000E+1	1.19540526E+1	
-4.00000000E+1	1.18841692E+1	
-3.95000000E+1	1.14045802E+1	
-3.90000000E+1	1.04393240E+1	
-3.85000000E+1	8.82880547E+0	
-3.80000000E+1	6.21546951E+0	
-3.75000000E+1	1.57024292E+0	
-3.70000000E+1	-1.18413314E+1	
-3.65000000E+1	-2.61206382E+0	
-3.60000000E+1	4.82669243E+0	
-3.55000000E+1	8.63417744E+0	
-3.50000000E+1	1.10421756E+1	
-3.45000000E+1	1.26339999E+1	
-3.40000000E+1	1.36382965E+1	
-3.35000000E+1	1.41536798E+1	
-3.30000000E+1	1.42113071E+1	
-3.25000000E+1	1.37911371E+1	
-3.20000000E+1	1.28127460E+1	
-3.15000000E+1	1.10894649E+1	
-3.10000000E+1	8.17122992E+0	
-3.05000000E+1	2.58958832E+0	
-3.00000000E+1	-9.44659269E+1	
-2.95000000E+1	2.98284576E+0	
-2.90000000E+1	8.95261750E+0	
-2.85000000E+1	1.22489506E+1	
-2.80000000E+1	1.43341106E+1	
-2.75000000E+1	1.56503760E+1	
-2.70000000E+1	1.63737378E+1	
-2.65000000E+1	1.65686520E+1	
-2.60000000E+1	1.62288441E+1	
-2.55000000E+1	1.52743528E+1	
-2.50000000E+1	1.35005724E+1	
-2.45000000E+1	1.03860822E+1	
-2.40000000E+1	4.06075978E+0	
-2.35000000E+1	-1.02950902E+1	
-2.30000000E+1	7.18890067E+0	
-2.25000000E+1	1.25205054E+1	
-2.20000000E+1	1.55530472E+1	
-2.15000000E+1	1.74540749E+1	
-2.10000000E+1	1.85982970E+1	
-2.05000000E+1	1.91305707E+1	
-2.00000000E+1	1.90883411E+1	
-1.95000000E+1	1.84264794E+1	
-1.90000000E+1	1.69880812E+1	
-1.85000000E+1	1.43692418E+1	
-1.80000000E+1	9.27777630E+0	
-1.75000000E+1	-1.24725473E+1	
-1.70000000E+1	8.38692960E+0	
-1.65000000E+1	1.48022711E+1	
-1.60000000E+1	1.82478189E+1	
-1.55000000E+1	2.03843961E+1	
-1.50000000E+1	2.16867295E+1	
-1.45000000E+1	2.23317258E+1	
-1.40000000E+1	2.23673249E+1	
-1.35000000E+1	2.17466259E+1	
-1.30000000E+1	2.02945536E+1	
-1.25000000E+1	1.75416072E+1	
-1.20000000E+1	1.18548006E+1	
-1.15000000E+1	-9.62630575E+0	
-1.10000000E+1	1.39016718E+1	
-1.05000000E+1	1.97045433E+1	
-1.00000000E+1	2.30024651E+1	
-9.50000000E+0	2.51043584E+1	
-9.00000000E+0	2.64125667E+1	
-8.50000000E+0	2.70749395E+1	
-8.00000000E+0	2.71170004E+1	
-7.50000000E+0	2.64585860E+1	
-7.00000000E+0	2.48478994E+1	
-6.50000000E+0	2.15583480E+1	
-6.00000000E+0	1.31856394E+1	
-5.50000000E+0	1.32023453E+1	
-5.00000000E+0	2.36267207E+1	
-4.50000000E+0	2.86007620E+1	
-4.00000000E+0	3.18997210E+1	
-3.50000000E+0	3.43217341E+1	
-3.00000000E+0	3.61742154E+1	
-2.50000000E+0	3.76079896E+1	
-2.00000000E+0	3.87074504E+1	
-1.50000000E+0	3.95234463E+1	
-1.00000000E+0	4.00875793E+1	
-5.00000000E-1	4.04191231E+1	
0.00000000E+0	4.05285318E+1	
5.00000000E-1	4.04191225E+1	
1.00000000E+0	4.00875780E+1	
1.50000000E+0	3.95234443E+1	
2.00000000E+0	3.87074475E+1	
2.50000000E+0	3.76079856E+1	
3.00000000E+0	3.61742098E+1	
3.50000000E+0	3.43217262E+1	
4.00000000E+0	3.18997094E+1	
4.50000000E+0	2.86007436E+1	
5.00000000E+0	2.36266858E+1	
5.50000000E+0	1.32022230E+1	
6.00000000E+0	1.31857669E+1	
6.50000000E+0	2.15583980E+1	
7.00000000E+0	2.48479343E+1	
7.50000000E+0	2.64586152E+1	
8.00000000E+0	2.71170275E+1	
8.50000000E+0	2.70749665E+1	
9.00000000E+0	2.64125952E+1	
9.50000000E+0	2.51043907E+1	
1.00000000E+1	2.30025049E+1	
1.05000000E+1	1.97045991E+1	
1.10000000E+1	1.39017753E+1	
1.15000000E+1	-9.62484018E+0	
1.20000000E+1	1.18546850E+1	
1.25000000E+1	1.75415515E+1	
1.30000000E+1	2.02945164E+1	
1.35000000E+1	2.17465973E+1	
1.40000000E+1	2.23673010E+1	
1.45000000E+1	2.23317045E+1	
1.50000000E+1	2.16867095E+1	
1.55000000E+1	2.03843762E+1	
1.60000000E+1	1.82477974E+1	
1.65000000E+1	1.48022448E+1	
1.70000000E+1	8.38688574E+0	
1.75000000E+1	-1.24721768E+1	
1.80000000E+1	9.27779819E+0	
1.85000000E+1	1.43692498E+1	
1.90000000E+1	1.69880845E+1	
1.95000000E+1	1.84264803E+1	
2.00000000E+1	1.90883405E+1	
2.05000000E+1	1.91305691E+1	
2.10000000E+1	1.85982946E+1	
2.15000000E+1	1.74540717E+1	
2.20000000E+1	1.55530432E+1	
2.25000000E+1	1.25205002E+1	
2.30000000E+1	7.18889309E+0	
2.35000000E+1	-1.02951260E+1	
2.40000000E+1	4.06076160E+0	
2.45000000E+1	1.03860803E+1	
2.50000000E+1	1.35005689E+1	
2.55000000E+1	1.52743481E+1	
2.60000000E+1	1.62288383E+1	
2.65000000E+1	1.65686447E+1	
2.70000000E+1	1.63737288E+1	
2.75000000E+1	1.56503646E+1	
2.80000000E+1	1.43340958E+1	
2.85000000E+1	1.22489299E+1	
2.90000000E+1	8.95258503E+0	
2.95000000E+1	2.98277777E+0	
3.00000000E+1	-9.79848218E+1	
3.05000000E+1	2.58966340E+0	
3.10000000E+1	8.17126960E+0	
3.15000000E+1	1.10894930E+1	
3.20000000E+1	1.28127685E+1	
3.25000000E+1	1.37911565E+1	
3.30000000E+1	1.42113247E+1	
3.35000000E+1	1.41536965E+1	
3.40000000E+1	1.36383129E+1	
3.45000000E+1	1.26340167E+1	
3.50000000E+1	1.10421936E+1	
3.55000000E+1	8.63419828E+0	
3.60000000E+1	4.82672006E+0	
3.65000000E+1	-2.61200982E+0	
3.70000000E+1	-1.18414560E+1	
3.75000000E+1	1.57022292E+0	
3.80000000E+1	6.21546148E+0	
3.85000000E+1	8.82880208E+0	
3.90000000E+1	1.04393231E+1	
3.95000000E+1	1.14045810E+1	
4.00000000E+1	1.18841712E+1	
4.05000000E+1	1.19540557E+1	
4.10000000E+1	1.16437541E+1	
4.15000000E+1	1.09478215E+1	
4.20000000E+1	9.82319267E+0	
4.25000000E+1	8.16986886E+0	
4.30000000E+1	5.77334249E+0	
4.35000000E+1	2.11167562E+0	
4.40000000E+1	-4.65606064E+0	
4.45000000E+1	-2.01453325E+1	
4.50000000E+1	-2.51019214E+0	
4.55000000E+1	2.56919473E+0	
4.60000000E+1	5.41311363E+0	
4.65000000E+1	7.22111073E+0	
4.70000000E+1	8.39432151E+0	
4.75000000E+1	9.11336956E+0	
4.80000000E+1	9.47117311E+0	
4.85000000E+1	9.51692636E+0	
4.90000000E+1	9.27328167E+0	
4.95000000E+1	8.74278083E+0	
5.00000000E+1	7.90818823E+0	
5.05000000E+1	6.72693155E+0	
5.10000000E+1	5.11567487E+0	
5.15000000E+1	2.91109199E+0	
5.20000000E+1	-2.45535194E-1	
5.25000000E+1	-5.38233950E+0	
5.30000000E+1	-1.92281873E+1	
5.35000000E+1	-1.03857424E+1	
5.40000000E+1	-3.26244638E+0	
5.45000000E+1	3.00549484E-1	
5.50000000E+1	2.54622594E+0	
5.55000000E+1	4.07227972E+0	
5.60000000E+1	5.12698435E+0	
5.65000000E+1	5.83665640E+0	
5.70000000E+1	6.27324865E+0	
5.75000000E+1	6.48030863E+0	
5.80000000E+1	6.48457782E+0	
5.85000000E+1	6.30162209E+0	
5.90000000E+1	5.93855995E+0	
5.95000000E+1	5.39509816E+0	
6.00000000E+1	4.66327900E+0	
6.05000000E+1	3.72583784E+0	
6.10000000E+1	2.55249086E+0	
6.15000000E+1	1.09236235E+0	
6.20000000E+1	-7.42071698E-1	
6.25000000E+1	-3.11298647E+0	
6.30000000E+1	-6.36569309E+0	
6.35000000E+1	-1.14608769E+1	
6.40000000E+1	-2.40827367E+1	
6.45000000E+1	-1.76616691E+1	
6.50000000E+1	-1.01578859E+1	
6.55000000E+1	-6.47374805E+0	
6.60000000E+1	-4.12806555E+0	
6.65000000E+1	-2.48606633E+0	
6.70000000E+1	-1.28690050E+0	
6.75000000E+1	-3.97381236E-1	
6.80000000E+1	2.59892281E-1	
6.85000000E+1	7.33980039E-1	
6.90000000E+1	1.05797650E+0	
6.95000000E+1	1.25527060E+0	
7.00000000E+1	1.34299262E+0	
7.05000000E+1	1.33403999E+0	
7.10000000E+1	1.23833112E+0	
7.15000000E+1	1.06361423E+0	
7.20000000E+1	8.16007162E-1	
7.25000000E+1	5.00367345E-1	
7.30000000E+1	1.20550820E-1	
7.35000000E+1	-3.20403791E-1	
7.40000000E+1	-8.20143635E-1	
7.45000000E+1	-1.37690766E+0	
7.50000000E+1	-1.98946063E+0	
7.55000000E+1	-2.65704885E+0	
7.60000000E+1	-3.37937332E+0	
7.65000000E+1	-4.15657772E+0	
7.70000000E+1	-4.98924977E+0	
7.75000000E+1	-5.87843541E+0	
7.80000000E+1	-6.82566603E+0	
7.85000000E+1	-7.83299985E+0	
7.90000000E+1	-8.90307943E+0	
7.95000000E+1	-1.00392084E+1	
8.00000000E+1	-1.12454518E+1	
8.05000000E+1	-1.25267661E+1	
8.10000000E+1	-1.38891684E+1	
8.15000000E+1	-1.53399566E+1	
8.20000000E+1	-1.68879993E+1	
8.25000000E+1	-1.85441216E+1	
8.30000000E+1	-2.03216261E+1	
8.35000000E+1	-2.22370089E+1	
8.40000000E+1	-2.43109653E+1	
8.45000000E+1	-2.65698342E+1	
8.50000000E+1	-2.90477358E+1	
8.55000000E+1	-3.17898411E+1	
8.60000000E+1	-3.48575781E+1	
8.65000000E+1	-3.83373403E+1	
8.70000000E+1	-4.23559674E+1	
8.75000000E+1	-4.71105116E+1	
8.80000000E+1	-5.29317828E+1	
8.85000000E+1	-6.04416778E+1	
8.90000000E+1	-7.10438044E+1	
8.95000000E+1	-8.92735334E+1	
9.00000000E+1	-1.11045708E+2	
