Far field
"Plane Wave Theta"[deg]	"FarField2 [dBsm]"	
-9.00000000E+1	-1.00000000E+3	
-8.95000000E+1	-9.79785333E+1	
-8.90000000E+1	-9.42500899E+1	
-8.85000000E+1	-8.48583107E+1	
-8.80000000E+1	-7.86607672E+1	
-8.75000000E+1	-7.43012980E+1	
-8.70000000E+1	-7.09774929E+1	
-8.65000000E+1	-6.83232313E+1	
-8.60000000E+1	-6.61466731E+1	
-8.55000000E+1	-6.43364535E+1	
-8.50000000E+1	-6.28236516E+1	
-8.45000000E+1	-6.15643344E+1	
-8.40000000E+1	-6.05308450E+1	
-8.35000000E+1	-5.97073315E+1	
-8.30000000E+1	-5.90876639E+1	
-8.25000000E+1	-5.86750245E+1	
-8.20000000E+1	-5.84831130E+1	
-8.15000000E+1	-5.85395542E+1	
-8.10000000E+1	-5.88932397E+1	
-8.05000000E+1	-5.96301580E+1	
-8.00000000E+1	-6.09110020E+1	
-7.95000000E+1	-6.30781520E+1	
-7.90000000E+1	-6.70757713E+1	
-7.85000000E+1	-7.79651478E+1	
-7.80000000E+1	-7.09786654E+1	
-7.75000000E+1	-6.25912787E+1	
-7.70000000E+1	-5.78926164E+1	
-7.65000000E+1	-5.45286666E+1	
-7.60000000E+1	-5.18770720E+1	
-7.55000000E+1	-4.96812022E+1	
-7.50000000E+1	-4.78107561E+1	
-7.45000000E+1	-4.61910953E+1	
-7.40000000E+1	-4.47761625E+1	
-7.35000000E+1	-4.35362900E+1	
-7.30000000E+1	-4.24520922E+1	
-7.25000000E+1	-4.15111906E+1	
-7.20000000E+1	-4.07064097E+1	
-7.15000000E+1	-4.00348281E+1	
-7.10000000E+1	-3.94974024E+1	
-7.05000000E+1	-3.90990635E+1	
-7.00000000E+1	-3.88493110E+1	
-6.95000000E+1	-3.87634747E+1	
-6.90000000E+1	-3.88650401E+1	
-6.85000000E+1	-3.91898998E+1	
-6.80000000E+1	-3.97944945E+1	
-6.75000000E+1	-4.07727613E+1	
-6.70000000E+1	-4.22962294E+1	
-6.65000000E+1	-4.47295250E+1	
-6.60000000E+1	-4.90999343E+1	
-6.55000000E+1	-6.17793173E+1	
-6.50000000E+1	-5.24382925E+1	
-6.45000000E+1	-4.45312353E+1	
-6.40000000E+1	-4.01178921E+1	
-6.35000000E+1	-3.69985133E+1	
-6.30000000E+1	-3.45815894E+1	
-6.25000000E+1	-3.26217438E+1	
-6.20000000E+1	-3.09946638E+1	
-6.15000000E+1	-2.96299230E+1	
-6.10000000E+1	-2.84851009E+1	
-6.05000000E+1	-2.75341527E+1	
-6.00000000E+1	-2.67616737E+1	
-5.95000000E+1	-2.61599761E+1	
-5.90000000E+1	-2.57277174E+1	
-5.85000000E+1	-2.54695725E+1	
-5.80000000E+1	-2.53968317E+1	
-5.75000000E+1	-2.55291325E+1	
-5.70000000E+1	-2.58979836E+1	
-5.65000000E+1	-2.65536755E+1	
-5.60000000E+1	-2.75795572E+1	
-5.55000000E+1	-2.91249146E+1	
-5.50000000E+1	-3.14952555E+1	
-5.45000000E+1	-3.54874820E+1	
-5.40000000E+1	-4.48895447E+1	
-5.35000000E+1	-4.36926462E+1	
-5.30000000E+1	-3.41639627E+1	
-5.25000000E+1	-2.96002616E+1	
-5.20000000E+1	-2.66069650E+1	
-5.15000000E+1	-2.44363725E+1	
-5.10000000E+1	-2.28016093E+1	
-5.05000000E+1	-2.15659993E+1	
-5.00000000E+1	-2.06581848E+1	
-4.95000000E+1	-2.00415349E+1	
-4.90000000E+1	-1.97017668E+1	
-4.85000000E+1	-1.96425514E+1	
-4.80000000E+1	-1.98861636E+1	
-4.75000000E+1	-2.04795718E+1	
-4.70000000E+1	-2.15101851E+1	
-4.65000000E+1	-2.31453069E+1	
-4.60000000E+1	-2.57477571E+1	
-4.55000000E+1	-3.03503475E+1	
-4.50000000E+1	-4.36905741E+1	
-4.45000000E+1	-3.43480754E+1	
-4.40000000E+1	-2.67798198E+1	
-4.35000000E+1	-2.28093117E+1	
-4.30000000E+1	-2.02040668E+1	
-4.25000000E+1	-1.83764039E+1	
-4.20000000E+1	-1.70903874E+1	
-4.15000000E+1	-1.62357725E+1	
-4.10000000E+1	-1.57624376E+1	
-4.05000000E+1	-1.56578626E+1	
-4.00000000E+1	-1.59418586E+1	
-3.95000000E+1	-1.66736730E+1	
-3.90000000E+1	-1.79780873E+1	
-3.85000000E+1	-2.01217392E+1	
-3.80000000E+1	-2.37877570E+1	
-3.75000000E+1	-3.18522866E+1	
-3.70000000E+1	-3.53132610E+1	
-3.65000000E+1	-2.42136012E+1	
-3.60000000E+1	-1.95308465E+1	
-3.55000000E+1	-1.66643590E+1	
-3.50000000E+1	-1.47496925E+1	
-3.45000000E+1	-1.34770980E+1	
-3.40000000E+1	-1.27127261E+1	
-3.35000000E+1	-1.24032553E+1	
-3.30000000E+1	-1.25473947E+1	
-3.25000000E+1	-1.31946984E+1	
-3.20000000E+1	-1.44702748E+1	
-3.15000000E+1	-1.66584637E+1	
-3.10000000E+1	-2.05222689E+1	
-3.05000000E+1	-2.96248810E+1	
-3.00000000E+1	-2.94782472E+1	
-2.95000000E+1	-1.98164410E+1	
-2.90000000E+1	-1.54543675E+1	
-2.85000000E+1	-1.27883578E+1	
-2.80000000E+1	-1.10569846E+1	
-2.75000000E+1	-9.98328137E+0	
-2.70000000E+1	-9.45406302E+0	
-2.65000000E+1	-9.43885808E+0	
-2.60000000E+1	-9.97205232E+0	
-2.55000000E+1	-1.11718508E+1	
-2.50000000E+1	-1.33241264E+1	
-2.45000000E+1	-1.72162778E+1	
-2.40000000E+1	-2.66696984E+1	
-2.35000000E+1	-2.54239210E+1	
-2.30000000E+1	-1.61241892E+1	
-2.25000000E+1	-1.18630622E+1	
-2.20000000E+1	-9.27762471E+0	
-2.15000000E+1	-7.63698127E+0	
-2.10000000E+1	-6.67748769E+0	
-2.05000000E+1	-6.29903161E+0	
-2.00000000E+1	-6.49104675E+0	
-1.95000000E+1	-7.32551417E+0	
-1.90000000E+1	-9.00549573E+0	
-1.85000000E+1	-1.20623726E+1	
-1.80000000E+1	-1.84430880E+1	
-1.75000000E+1	-3.11678484E+1	
-1.70000000E+1	-1.47217342E+1	
-1.65000000E+1	-9.41790342E+0	
-1.60000000E+1	-6.36891914E+0	
-1.55000000E+1	-4.44768030E+0	
-1.50000000E+1	-3.29115291E+0	
-1.45000000E+1	-2.76293146E+0	
-1.40000000E+1	-2.83722455E+0	
-1.35000000E+1	-3.58128373E+0	
-1.30000000E+1	-5.20401410E+0	
-1.25000000E+1	-8.27042770E+0	
-1.20000000E+1	-1.49523400E+1	
-1.15000000E+1	-2.42234276E+1	
-1.10000000E+1	-9.86553688E+0	
-1.05000000E+1	-4.67732268E+0	
-1.00000000E+1	-1.61451029E+0	
-9.50000000E+0	3.56899853E-1	
-9.00000000E+0	1.57649154E+0	
-8.50000000E+0	2.16845155E+0	
-8.00000000E+0	2.14494914E+0	
-7.50000000E+0	1.41289173E+0	
-7.00000000E+0	-3.03158564E-1	
-6.50000000E+0	-3.80865467E+0	
-6.00000000E+0	-1.32326259E+1	
-5.50000000E+0	-1.02768986E+1	
-5.00000000E+0	-7.90308914E-1	
-4.50000000E+0	3.98640683E+0	
-4.00000000E+0	7.19841875E+0	
-3.50000000E+0	9.57139326E+0	
-3.00000000E+0	1.13927113E+1	
-2.50000000E+0	1.28054200E+1	
-2.00000000E+0	1.38902675E+1	
-1.50000000E+0	1.46961857E+1	
-1.00000000E+0	1.52537028E+1	
-5.00000000E-1	1.55814850E+1	
0.00000000E+0	1.56896723E+1	
5.00000000E-1	1.55814850E+1	
1.00000000E+0	1.52537028E+1	
1.50000000E+0	1.46961857E+1	
2.00000000E+0	1.38902674E+1	
2.50000000E+0	1.28054200E+1	
3.00000000E+0	1.13927113E+1	
3.50000000E+0	9.57139319E+0	
4.00000000E+0	7.19841866E+0	
4.50000000E+0	3.98640669E+0	
5.00000000E+0	-7.90309120E-1	
5.50000000E+0	-1.02768990E+1	
6.00000000E+0	-1.32326258E+1	
6.50000000E+0	-3.80865488E+0	
7.00000000E+0	-3.03158896E-1	
7.50000000E+0	1.41289129E+0	
8.00000000E+0	2.14494858E+0	
8.50000000E+0	2.16845085E+0	
9.00000000E+0	1.57649067E+0	
9.50000000E+0	3.56898779E-1	
1.00000000E+1	-1.61451163E+0	
1.05000000E+1	-4.67732443E+0	
1.10000000E+1	-9.86553947E+0	
1.15000000E+1	-2.42234363E+1	
1.20000000E+1	-1.49523389E+1	
1.25000000E+1	-8.27042831E+0	
1.30000000E+1	-5.20401536E+0	
1.35000000E+1	-3.58128545E+0	
1.40000000E+1	-2.83722668E+0	
1.45000000E+1	-2.76293400E+0	
1.50000000E+1	-3.29115589E+0	
1.55000000E+1	-4.44768379E+0	
1.60000000E+1	-6.36892324E+0	
1.65000000E+1	-9.41790839E+0	
1.70000000E+1	-1.47217409E+1	
1.75000000E+1	-3.11678779E+1	
1.80000000E+1	-1.84430892E+1	
1.85000000E+1	-1.20623761E+1	
1.90000000E+1	-9.00550041E+0	
1.95000000E+1	-7.32551970E+0	
2.00000000E+1	-6.49105307E+0	
2.05000000E+1	-6.29903875E+0	
2.10000000E+1	-6.67749570E+0	
2.15000000E+1	-7.63699029E+0	
2.20000000E+1	-9.27763500E+0	
2.25000000E+1	-1.18630743E+1	
2.30000000E+1	-1.61242049E+1	
2.35000000E+1	-2.54239530E+1	
2.40000000E+1	-2.66696905E+1	
2.45000000E+1	-1.72162817E+1	
2.50000000E+1	-1.33241336E+1	
2.55000000E+1	-1.11718599E+1	
2.60000000E+1	-9.97206273E+0	
2.65000000E+1	-9.43886968E+0	
2.70000000E+1	-9.45407572E+0	
2.75000000E+1	-9.98329516E+0	
2.80000000E+1	-1.10569995E+1	
2.85000000E+1	-1.27883740E+1	
2.90000000E+1	-1.54543854E+1	
2.95000000E+1	-1.98164621E+1	
3.00000000E+1	-2.94782925E+1	
3.05000000E+1	-2.96249115E+1	
3.10000000E+1	-2.05222873E+1	
3.15000000E+1	-1.66584822E+1	
3.20000000E+1	-1.44702940E+1	
3.25000000E+1	-1.31947181E+1	
3.30000000E+1	-1.25474148E+1	
3.35000000E+1	-1.24032757E+1	
3.40000000E+1	-1.27127465E+1	
3.45000000E+1	-1.34771180E+1	
3.50000000E+1	-1.47497113E+1	
3.55000000E+1	-1.66643755E+1	
3.60000000E+1	-1.95308584E+1	
3.65000000E+1	-2.42136034E+1	
3.70000000E+1	-3.53132918E+1	
3.75000000E+1	-3.18524927E+1	
3.80000000E+1	-2.37878430E+1	
3.85000000E+1	-2.01218050E+1	
3.90000000E+1	-1.79781452E+1	
3.95000000E+1	-1.66737266E+1	
4.00000000E+1	-1.59419093E+1	
4.05000000E+1	-1.56579109E+1	
4.10000000E+1	-1.57624835E+1	
4.15000000E+1	-1.62358155E+1	
4.20000000E+1	-1.70904264E+1	
4.25000000E+1	-1.83764371E+1	
4.30000000E+1	-2.02040909E+1	
4.35000000E+1	-2.28093204E+1	
4.40000000E+1	-2.67797989E+1	
4.45000000E+1	-3.43480021E+1	
4.50000000E+1	-4.36927090E+1	
4.55000000E+1	-3.03506620E+1	
4.60000000E+1	-2.57479593E+1	
4.65000000E+1	-2.31454717E+1	
4.70000000E+1	-2.15103316E+1	
4.75000000E+1	-2.04797075E+1	
4.80000000E+1	-1.98862919E+1	
4.85000000E+1	-1.96426739E+1	
4.90000000E+1	-1.97018841E+1	
4.95000000E+1	-2.00416467E+1	
5.00000000E+1	-2.06582900E+1	
5.05000000E+1	-2.15660960E+1	
5.10000000E+1	-2.28016937E+1	
5.15000000E+1	-2.44364385E+1	
5.20000000E+1	-2.66070014E+1	
5.25000000E+1	-2.96002461E+1	
5.30000000E+1	-3.41638479E+1	
5.35000000E+1	-4.36926021E+1	
5.40000000E+1	-4.48927112E+1	
5.45000000E+1	-3.54883936E+1	
5.50000000E+1	-3.14958868E+1	
5.55000000E+1	-2.91254499E+1	
5.60000000E+1	-2.75800511E+1	
5.65000000E+1	-2.65541525E+1	
5.70000000E+1	-2.58984575E+1	
5.75000000E+1	-2.55296130E+1	
5.80000000E+1	-2.53973263E+1	
5.85000000E+1	-2.54700884E+1	
5.90000000E+1	-2.57282617E+1	
5.95000000E+1	-2.61605567E+1	
6.00000000E+1	-2.67623000E+1	
6.05000000E+1	-2.75348359E+1	
6.10000000E+1	-2.84858554E+1	
6.15000000E+1	-2.96307676E+1	
6.20000000E+1	-3.09956235E+1	
6.25000000E+1	-3.26228526E+1	
6.30000000E+1	-3.45828942E+1	
6.35000000E+1	-3.70000739E+1	
6.40000000E+1	-4.01197509E+1	
6.45000000E+1	-4.45330690E+1	
6.50000000E+1	-5.24319394E+1	
6.55000000E+1	-6.16002919E+1	
6.60000000E+1	-4.90844463E+1	
6.65000000E+1	-4.47222309E+1	
6.70000000E+1	-4.22913655E+1	
6.75000000E+1	-4.07689927E+1	
6.80000000E+1	-3.97913161E+1	
6.85000000E+1	-3.91870657E+1	
6.90000000E+1	-3.88624086E+1	
6.95000000E+1	-3.87609532E+1	
7.00000000E+1	-3.88468309E+1	
7.05000000E+1	-3.90965688E+1	
7.10000000E+1	-3.94948416E+1	
7.15000000E+1	-4.00321496E+1	
7.20000000E+1	-4.07035567E+1	
7.25000000E+1	-4.15080965E+1	
7.30000000E+1	-4.24486741E+1	
7.35000000E+1	-4.35324388E+1	
7.40000000E+1	-4.47717281E+1	
7.45000000E+1	-4.61858604E+1	
7.50000000E+1	-4.78043880E+1	
7.55000000E+1	-4.96731550E+1	
7.60000000E+1	-5.18663654E+1	
7.65000000E+1	-5.45132997E+1	
7.70000000E+1	-5.78676090E+1	
7.75000000E+1	-6.25389258E+1	
7.80000000E+1	-7.07472124E+1	
7.85000000E+1	-7.73489931E+1	
7.90000000E+1	-6.70569929E+1	
7.95000000E+1	-6.30818338E+1	
8.00000000E+1	-6.09184911E+1	
8.05000000E+1	-5.96386330E+1	
8.10000000E+1	-5.89020953E+1	
8.15000000E+1	-5.85487038E+1	
8.20000000E+1	-5.84926382E+1	
8.25000000E+1	-5.86850882E+1	
8.30000000E+1	-5.90984953E+1	
8.35000000E+1	-5.97192420E+1	
8.40000000E+1	-6.05442670E+1	
8.45000000E+1	-6.15798937E+1	
8.50000000E+1	-6.28422983E+1	
8.55000000E+1	-6.43597129E+1	
8.60000000E+1	-6.61771607E+1	
8.65000000E+1	-6.83658146E+1	
8.70000000E+1	-7.10422579E+1	
8.75000000E+1	-7.44125518E+1	
8.80000000E+1	-7.88924501E+1	
8.85000000E+1	-8.55515939E+1	
8.90000000E+1	-9.94284458E+1	
8.95000000E+1	-1.00338729E+2	
9.00000000E+1	-1.00000000E+3	
