Far field
"Plane Wave Theta"[deg]	"FarField1 [dBsm]"	
-9.00000000E+1	-1.00000000E+3	
-8.95000000E+1	-5.07927866E+1	
-8.90000000E+1	-5.07469791E+1	
-8.85000000E+1	-5.06719544E+1	
-8.80000000E+1	-5.05696064E+1	
-8.75000000E+1	-5.04424236E+1	
-8.70000000E+1	-5.02933537E+1	
-8.65000000E+1	-5.01256621E+1	
-8.60000000E+1	-4.99427969E+1	
-8.55000000E+1	-4.97482734E+1	
-8.50000000E+1	-4.95455813E+1	
-8.45000000E+1	-4.93381176E+1	
-8.40000000E+1	-4.91291442E+1	
-8.35000000E+1	-4.89217652E+1	
-8.30000000E+1	-4.87189206E+1	
-8.25000000E+1	-4.85233914E+1	
-8.20000000E+1	-4.83378124E+1	
-8.15000000E+1	-4.81646876E+1	
-8.10000000E+1	-4.80064060E+1	
-8.05000000E+1	-4.78652548E+1	
-8.00000000E+1	-4.77434246E+1	
-7.95000000E+1	-4.76430057E+1	
-7.90000000E+1	-4.75659680E+1	
-7.85000000E+1	-4.75141188E+1	
-7.80000000E+1	-4.74890281E+1	
-7.75000000E+1	-4.74919067E+1	
-7.70000000E+1	-4.75234172E+1	
-7.65000000E+1	-4.75833895E+1	
-7.60000000E+1	-4.76704043E+1	
-7.55000000E+1	-4.77812051E+1	
-7.50000000E+1	-4.79099047E+1	
-7.45000000E+1	-4.80469944E+1	
-7.40000000E+1	-4.81782739E+1	
-7.35000000E+1	-4.82840297E+1	
-7.30000000E+1	-4.83391148E+1	
-7.25000000E+1	-4.83148430E+1	
-7.20000000E+1	-4.81833972E+1	
-7.15000000E+1	-4.79242729E+1	
-7.10000000E+1	-4.75304163E+1	
-7.05000000E+1	-4.70108274E+1	
-7.00000000E+1	-4.63880424E+1	
-6.95000000E+1	-4.56920347E+1	
-6.90000000E+1	-4.49537620E+1	
-6.85000000E+1	-4.42007247E+1	
-6.80000000E+1	-4.34550427E+1	
-6.75000000E+1	-4.27333610E+1	
-6.70000000E+1	-4.20476670E+1	
-6.65000000E+1	-4.14063627E+1	
-6.60000000E+1	-4.08152558E+1	
-6.55000000E+1	-4.02783487E+1	
-6.50000000E+1	-3.97984127E+1	
-6.45000000E+1	-3.93773751E+1	
-6.40000000E+1	-3.90165533E+1	
-6.35000000E+1	-3.87167612E+1	
-6.30000000E+1	-3.84783024E+1	
-6.25000000E+1	-3.83008496E+1	
-6.20000000E+1	-3.81831976E+1	
-6.15000000E+1	-3.81228676E+1	
-6.10000000E+1	-3.81155347E+1	
-6.05000000E+1	-3.81542648E+1	
-6.00000000E+1	-3.82285983E+1	
-5.95000000E+1	-3.83236320E+1	
-5.90000000E+1	-3.84194660E+1	
-5.85000000E+1	-3.84916575E+1	
-5.80000000E+1	-3.85134690E+1	
-5.75000000E+1	-3.84603361E+1	
-5.70000000E+1	-3.83157759E+1	
-5.65000000E+1	-3.80764344E+1	
-5.60000000E+1	-3.77535974E+1	
-5.55000000E+1	-3.73702544E+1	
-5.50000000E+1	-3.69553905E+1	
-5.45000000E+1	-3.65382647E+1	
-5.40000000E+1	-3.61445040E+1	
-5.35000000E+1	-3.57942816E+1	
-5.30000000E+1	-3.55019058E+1	
-5.25000000E+1	-3.52759814E+1	
-5.20000000E+1	-3.51195138E+1	
-5.15000000E+1	-3.50295938E+1	
-5.10000000E+1	-3.49965462E+1	
-5.05000000E+1	-3.50027176E+1	
-5.00000000E+1	-3.50215587E+1	
-4.95000000E+1	-3.50183575E+1	
-4.90000000E+1	-3.49544715E+1	
-4.85000000E+1	-3.47960508E+1	
-4.80000000E+1	-3.45250764E+1	
-4.75000000E+1	-3.41469373E+1	
-4.70000000E+1	-3.36894274E+1	
-4.65000000E+1	-3.31939804E+1	
-4.60000000E+1	-3.27050129E+1	
-4.55000000E+1	-3.22625330E+1	
-4.50000000E+1	-3.18992988E+1	
-4.45000000E+1	-3.16411799E+1	
-4.40000000E+1	-3.15089720E+1	
-4.35000000E+1	-3.15205452E+1	
-4.30000000E+1	-3.16928674E+1	
-4.25000000E+1	-3.20438339E+1	
-4.20000000E+1	-3.25940236E+1	
-4.15000000E+1	-3.33685622E+1	
-4.10000000E+1	-3.43992906E+1	
-4.05000000E+1	-3.57273394E+1	
-4.00000000E+1	-3.74057403E+1	
-3.95000000E+1	-3.94997042E+1	
-3.90000000E+1	-4.20742889E+1	
-3.85000000E+1	-4.51312458E+1	
-3.80000000E+1	-4.84043014E+1	
-3.75000000E+1	-5.11847170E+1	
-3.70000000E+1	-5.33519186E+1	
-3.65000000E+1	-5.60273751E+1	
-3.60000000E+1	-5.48727553E+1	
-3.55000000E+1	-4.80804515E+1	
-3.50000000E+1	-4.25985997E+1	
-3.45000000E+1	-3.84631086E+1	
-3.40000000E+1	-3.52153608E+1	
-3.35000000E+1	-3.25947209E+1	
-3.30000000E+1	-3.04516659E+1	
-3.25000000E+1	-2.86947121E+1	
-3.20000000E+1	-2.72650312E+1	
-3.15000000E+1	-2.61235406E+1	
-3.10000000E+1	-2.52436710E+1	
-3.05000000E+1	-2.46067124E+1	
-3.00000000E+1	-2.41980232E+1	
-2.95000000E+1	-2.40027343E+1	
-2.90000000E+1	-2.39993521E+1	
-2.85000000E+1	-2.41492626E+1	
-2.80000000E+1	-2.43810586E+1	
-2.75000000E+1	-2.45755426E+1	
-2.70000000E+1	-2.45754275E+1	
-2.65000000E+1	-2.42518649E+1	
-2.60000000E+1	-2.35962281E+1	
-2.55000000E+1	-2.27286454E+1	
-2.50000000E+1	-2.18114554E+1	
-2.45000000E+1	-2.09748362E+1	
-2.40000000E+1	-2.03008527E+1	
-2.35000000E+1	-1.98372723E+1	
-2.30000000E+1	-1.96142452E+1	
-2.25000000E+1	-1.96562186E+1	
-2.20000000E+1	-1.99898798E+1	
-2.15000000E+1	-2.06504600E+1	
-2.10000000E+1	-2.16887054E+1	
-2.05000000E+1	-2.31813015E+1	
-2.00000000E+1	-2.52497628E+1	
-1.95000000E+1	-2.80998174E+1	
-1.90000000E+1	-3.21170837E+1	
-1.85000000E+1	-3.81563028E+1	
-1.80000000E+1	-4.87960506E+1	
-1.75000000E+1	-6.36663156E+1	
-1.70000000E+1	-5.16314098E+1	
-1.65000000E+1	-3.78459802E+1	
-1.60000000E+1	-3.01034515E+1	
-1.55000000E+1	-2.47072642E+1	
-1.50000000E+1	-2.06028520E+1	
-1.45000000E+1	-1.73412688E+1	
-1.40000000E+1	-1.46904658E+1	
-1.35000000E+1	-1.25162134E+1	
-1.30000000E+1	-1.07351515E+1	
-1.25000000E+1	-9.29286542E+0	
-1.20000000E+1	-8.15188584E+0	
-1.15000000E+1	-7.28336872E+0	
-1.10000000E+1	-6.65870151E+0	
-1.05000000E+1	-6.23738422E+0	
-1.00000000E+1	-5.94722761E+0	
-9.50000000E+0	-5.65756001E+0	
-9.00000000E+0	-5.16915141E+0	
-8.50000000E+0	-4.28022091E+0	
-8.00000000E+0	-2.93004805E+0	
-7.50000000E+0	-1.25003850E+0	
-7.00000000E+0	5.57069794E-1	
-6.50000000E+0	2.33632218E+0	
-6.00000000E+0	4.00379185E+0	
-5.50000000E+0	5.52409074E+0	
-5.00000000E+0	6.88719631E+0	
-4.50000000E+0	8.09454079E+0	
-4.00000000E+0	9.15201306E+0	
-3.50000000E+0	1.00667096E+1	
-3.00000000E+0	1.08455108E+1	
-2.50000000E+0	1.14945054E+1	
-2.00000000E+0	1.20187976E+1	
-1.50000000E+0	1.24224775E+1	
-1.00000000E+0	1.27086537E+1	
-5.00000000E-1	1.28795023E+1	
0.00000000E+0	1.29363099E+1	
5.00000000E-1	1.28795023E+1	
1.00000000E+0	1.27086537E+1	
1.50000000E+0	1.24224775E+1	
2.00000000E+0	1.20187976E+1	
2.50000000E+0	1.14945054E+1	
3.00000000E+0	1.08455108E+1	
3.50000000E+0	1.00667096E+1	
4.00000000E+0	9.15201306E+0	
4.50000000E+0	8.09454079E+0	
5.00000000E+0	6.88719631E+0	
5.50000000E+0	5.52409074E+0	
6.00000000E+0	4.00379185E+0	
6.50000000E+0	2.33632218E+0	
7.00000000E+0	5.57069794E-1	
7.50000000E+0	-1.25003850E+0	
8.00000000E+0	-2.93004805E+0	
8.50000000E+0	-4.28022091E+0	
9.00000000E+0	-5.16915141E+0	
9.50000000E+0	-5.65756001E+0	
1.00000000E+1	-5.94722761E+0	
1.05000000E+1	-6.23738422E+0	
1.10000000E+1	-6.65870151E+0	
1.15000000E+1	-7.28336872E+0	
1.20000000E+1	-8.15188584E+0	
1.25000000E+1	-9.29286542E+0	
1.30000000E+1	-1.07351515E+1	
1.35000000E+1	-1.25162134E+1	
1.40000000E+1	-1.46904658E+1	
1.45000000E+1	-1.73412688E+1	
1.50000000E+1	-2.06028520E+1	
1.55000000E+1	-2.47072642E+1	
1.60000000E+1	-3.01034515E+1	
1.65000000E+1	-3.78459802E+1	
1.70000000E+1	-5.16314098E+1	
1.75000000E+1	-6.36663156E+1	
1.80000000E+1	-4.87960506E+1	
1.85000000E+1	-3.81563028E+1	
1.90000000E+1	-3.21170837E+1	
1.95000000E+1	-2.80998174E+1	
2.00000000E+1	-2.52497628E+1	
2.05000000E+1	-2.31813015E+1	
2.10000000E+1	-2.16887054E+1	
2.15000000E+1	-2.06504600E+1	
2.20000000E+1	-1.99898798E+1	
2.25000000E+1	-1.96562186E+1	
2.30000000E+1	-1.96142452E+1	
2.35000000E+1	-1.98372723E+1	
2.40000000E+1	-2.03008527E+1	
2.45000000E+1	-2.09748362E+1	
2.50000000E+1	-2.18114554E+1	
2.55000000E+1	-2.27286454E+1	
2.60000000E+1	-2.35962281E+1	
2.65000000E+1	-2.42518649E+1	
2.70000000E+1	-2.45754275E+1	
2.75000000E+1	-2.45755426E+1	
2.80000000E+1	-2.43810586E+1	
2.85000000E+1	-2.41492626E+1	
2.90000000E+1	-2.39993521E+1	
2.95000000E+1	-2.40027343E+1	
3.00000000E+1	-2.41980232E+1	
3.05000000E+1	-2.46067124E+1	
3.10000000E+1	-2.52436710E+1	
3.15000000E+1	-2.61235406E+1	
3.20000000E+1	-2.72650312E+1	
3.25000000E+1	-2.86947121E+1	
3.30000000E+1	-3.04516659E+1	
3.35000000E+1	-3.25947209E+1	
3.40000000E+1	-3.52153608E+1	
3.45000000E+1	-3.84631086E+1	
3.50000000E+1	-4.25985997E+1	
3.55000000E+1	-4.80804515E+1	
3.60000000E+1	-5.48727553E+1	
3.65000000E+1	-5.60273751E+1	
3.70000000E+1	-5.33519186E+1	
3.75000000E+1	-5.11847170E+1	
3.80000000E+1	-4.84043014E+1	
3.85000000E+1	-4.51312458E+1	
3.90000000E+1	-4.20742889E+1	
3.95000000E+1	-3.94997042E+1	
4.00000000E+1	-3.74057403E+1	
4.05000000E+1	-3.57273394E+1	
4.10000000E+1	-3.43992906E+1	
4.15000000E+1	-3.33685622E+1	
4.20000000E+1	-3.25940236E+1	
4.25000000E+1	-3.20438339E+1	
4.30000000E+1	-3.16928674E+1	
4.35000000E+1	-3.15205452E+1	
4.40000000E+1	-3.15089720E+1	
4.45000000E+1	-3.16411799E+1	
4.50000000E+1	-3.18992988E+1	
4.55000000E+1	-3.22625330E+1	
4.60000000E+1	-3.27050129E+1	
4.65000000E+1	-3.31939804E+1	
4.70000000E+1	-3.36894274E+1	
4.75000000E+1	-3.41469373E+1	
4.80000000E+1	-3.45250764E+1	
4.85000000E+1	-3.47960508E+1	
4.90000000E+1	-3.49544715E+1	
4.95000000E+1	-3.50183575E+1	
5.00000000E+1	-3.50215587E+1	
5.05000000E+1	-3.50027176E+1	
5.10000000E+1	-3.49965462E+1	
5.15000000E+1	-3.50295938E+1	
5.20000000E+1	-3.51195138E+1	
5.25000000E+1	-3.52759814E+1	
5.30000000E+1	-3.55019058E+1	
5.35000000E+1	-3.57942816E+1	
5.40000000E+1	-3.61445040E+1	
5.45000000E+1	-3.65382647E+1	
5.50000000E+1	-3.69553905E+1	
5.55000000E+1	-3.73702544E+1	
5.60000000E+1	-3.77535974E+1	
5.65000000E+1	-3.80764344E+1	
5.70000000E+1	-3.83157759E+1	
5.75000000E+1	-3.84603361E+1	
5.80000000E+1	-3.85134690E+1	
5.85000000E+1	-3.84916575E+1	
5.90000000E+1	-3.84194660E+1	
5.95000000E+1	-3.83236320E+1	
6.00000000E+1	-3.82285983E+1	
6.05000000E+1	-3.81542648E+1	
6.10000000E+1	-3.81155347E+1	
6.15000000E+1	-3.81228676E+1	
6.20000000E+1	-3.81831976E+1	
6.25000000E+1	-3.83008496E+1	
6.30000000E+1	-3.84783024E+1	
6.35000000E+1	-3.87167612E+1	
6.40000000E+1	-3.90165533E+1	
6.45000000E+1	-3.93773751E+1	
6.50000000E+1	-3.97984127E+1	
6.55000000E+1	-4.02783487E+1	
6.60000000E+1	-4.08152558E+1	
6.65000000E+1	-4.14063627E+1	
6.70000000E+1	-4.20476670E+1	
6.75000000E+1	-4.27333610E+1	
6.80000000E+1	-4.34550427E+1	
6.85000000E+1	-4.42007247E+1	
6.90000000E+1	-4.49537620E+1	
6.95000000E+1	-4.56920347E+1	
7.00000000E+1	-4.63880424E+1	
7.05000000E+1	-4.70108274E+1	
7.10000000E+1	-4.75304163E+1	
7.15000000E+1	-4.79242729E+1	
7.20000000E+1	-4.81833972E+1	
7.25000000E+1	-4.83148430E+1	
7.30000000E+1	-4.83391148E+1	
7.35000000E+1	-4.82840297E+1	
7.40000000E+1	-4.81782739E+1	
7.45000000E+1	-4.80469944E+1	
7.50000000E+1	-4.79099047E+1	
7.55000000E+1	-4.77812051E+1	
7.60000000E+1	-4.76704043E+1	
7.65000000E+1	-4.75833895E+1	
7.70000000E+1	-4.75234172E+1	
7.75000000E+1	-4.74919067E+1	
7.80000000E+1	-4.74890281E+1	
7.85000000E+1	-4.75141188E+1	
7.90000000E+1	-4.75659680E+1	
7.95000000E+1	-4.76430057E+1	
8.00000000E+1	-4.77434246E+1	
8.05000000E+1	-4.78652548E+1	
8.10000000E+1	-4.80064060E+1	
8.15000000E+1	-4.81646876E+1	
8.20000000E+1	-4.83378124E+1	
8.25000000E+1	-4.85233914E+1	
8.30000000E+1	-4.87189206E+1	
8.35000000E+1	-4.89217652E+1	
8.40000000E+1	-4.91291442E+1	
8.45000000E+1	-4.93381176E+1	
8.50000000E+1	-4.95455813E+1	
8.55000000E+1	-4.97482734E+1	
8.60000000E+1	-4.99427969E+1	
8.65000000E+1	-5.01256621E+1	
8.70000000E+1	-5.02933537E+1	
8.75000000E+1	-5.04424236E+1	
8.80000000E+1	-5.05696064E+1	
8.85000000E+1	-5.06719544E+1	
8.90000000E+1	-5.07469791E+1	
8.95000000E+1	-5.07927866E+1	
9.00000000E+1	-1.00000000E+3	
